[1.94, -5.58]
[1.94, -5.58]
[1.94, -5.58]
[1.94, -5.58]
[1.60, -5.32]
[1.60, -5.32]
[1.60, -5.32]
[1.60, -5.32]
[1.60, -5.32]
[-0.09, -4.44]
[-0.09, -4.44]
[-0.09, -4.44]
[-0.09, -4.44]
[-0.09, -4.44]
[1.94, -1.70]
[1.94, -1.70]
[1.94, -1.70]
[1.94, -1.70]
[1.94, -1.70]
[-1.26, -6.25]
[-1.26, -6.25]
[-1.26, -6.25]
[-1.26, -6.25]
[-1.26, -6.25]
[-1.22, -4.32]
[-1.22, -4.32]
[-1.22, -4.32]
[-1.22, -4.32]
[-1.22, -4.32]
[-0.36, -8.15]
[-0.36, -8.15]
[-0.36, -8.15]
[-0.36, -8.15]
[0.97, -3.64]
[0.97, -3.64]
[0.97, -3.64]
[0.97, -3.64]
[-2.39, 0.64]
[-2.39, 0.64]
[-2.39, 0.64]
[-2.39, 0.64]
[-8.46, -1.18]
[-8.46, -1.18]
[-8.46, -1.18]
[-8.46, -1.18]
[-8.46, -1.18]
[-8.06, -1.37]
[-8.06, -1.37]
[-8.06, -1.37]
[-1.79, 0.87]
[-1.79, 0.87]
[-1.79, 0.87]
[-1.79, 0.87]
[-6.94, -0.89]
[-6.94, -0.89]
[-6.94, -0.89]
[-6.94, -0.89]
[-6.94, -0.89]
[-9.47, 0.00]
[-9.47, 0.00]
[-9.47, 0.00]
[-9.47, 0.00]
[-9.47, 0.00]
[-1.70, -1.94]
[-1.70, -1.94]
[-1.70, -1.94]
[-1.70, -1.94]
[-1.70, 1.94]
[-1.70, 1.94]
[-1.70, 1.94]
[-1.70, 1.94]
[-1.70, 1.94]
[1.70, 0.00]
[1.70, 0.00]
[1.70, 0.00]
[1.70, 0.00]
[7.53, -0.97]
[7.53, -0.97]
[7.53, -0.97]
[7.53, -0.97]
[7.53, -0.97]
[7.72, 0.30]
[7.72, 0.30]
[7.72, 0.30]
[8.84, -1.45]
[8.84, -1.45]
[8.84, -1.45]
[8.84, -1.45]
[8.84, -1.45]
[9.47, 0.00]
[9.47, 0.00]
[9.47, 0.00]
[9.47, 0.00]
[1.74, -0.54]
[1.74, -0.54]
[1.74, -0.54]
[1.74, -0.54]
[8.45, -1.10]
[8.45, -1.10]
[8.45, -1.10]
[8.45, -1.10]
[5.92, -1.14]
[5.92, -1.14]
[5.92, -1.14]
[5.92, -1.14]
